# Synthetic Mycielskian-like graph with parameter 5
# Format: source target weight
0 1 0.828067
0 2 0.921169
0 3 0.101390
0 4 0.761541
0 5 0.862785
0 6 0.630201
0 7 0.803407
0 8 0.925412
0 9 0.390366
0 10 0.860326
0 11 0.418295
0 12 0.348390
0 13 0.564389
0 14 0.583426
0 15 0.334050
0 16 0.870499
0 17 0.239777
0 18 0.512445
0 19 0.782309
0 20 0.990041
0 21 0.285422
0 22 0.937459
0 23 0.500218
0 24 0.184209
0 25 0.852483
0 26 0.299692
0 27 0.344031
0 28 0.327364
0 29 0.751433
0 30 0.554350
1 2 0.736035
1 3 0.376221
1 4 0.312677
1 5 0.189776
1 6 0.424087
1 7 0.730466
1 8 0.128224
1 9 0.497070
1 10 0.956997
1 11 0.143260
1 12 0.326900
1 13 0.725590
1 14 0.275189
1 15 0.845011
1 16 0.408265
1 17 0.773465
1 18 0.415727
1 19 0.426149
1 20 0.245474
1 21 0.739251
1 22 0.664029
1 23 0.592353
1 24 0.812611
1 25 0.938470
1 26 0.384849
1 27 0.830362
1 28 0.905425
1 29 0.712876
1 30 0.949194
2 3 0.731099
2 4 0.117665
2 5 0.806817
2 6 0.109881
2 7 0.865627
2 8 0.387746
2 9 0.530333
2 10 0.508466
2 11 0.843176
2 12 0.867795
2 13 0.686221
2 14 0.375335
2 15 0.180167
2 16 0.504318
2 17 0.351170
2 18 0.629459
2 19 0.533531
2 20 0.977366
2 21 0.729524
2 22 0.165645
2 23 0.714855
2 24 0.749000
2 25 0.927227
2 26 0.568319
2 27 0.486638
2 28 0.860133
2 29 0.476867
2 30 0.741106
3 4 0.629775
3 5 0.350166
3 6 0.892995
3 7 0.325069
3 8 0.481402
3 9 0.926090
3 10 0.401929
3 11 0.527199
3 12 0.896402
3 13 0.824592
3 14 0.468357
3 15 0.107504
3 16 0.934092
3 17 0.503212
3 18 0.603158
3 19 0.806836
3 20 0.342800
3 21 0.573334
3 22 0.820013
3 23 0.249702
3 24 0.312191
3 25 0.913689
3 26 0.241315
3 27 0.560592
3 28 0.971025
3 29 0.943630
3 30 0.649953
4 5 0.870006
4 6 0.129225
4 7 0.222115
4 8 0.877334
4 9 0.654178
4 10 0.359413
4 11 0.672508
4 12 0.863092
4 13 0.475715
4 14 0.973782
4 15 0.819104
4 16 0.458336
4 17 0.445555
4 18 0.488002
4 19 0.122352
4 20 0.219975
4 21 0.935550
4 22 0.590541
4 23 0.208527
4 24 0.220587
4 25 0.357972
4 26 0.150755
4 27 0.828864
4 28 0.895401
4 29 0.588699
4 30 0.883135
5 6 0.901323
5 7 0.635174
5 8 0.122161
5 9 0.237183
5 10 0.756024
5 11 0.647286
5 12 0.735081
5 13 0.139591
5 14 0.763803
5 15 0.155816
5 16 0.523461
5 17 0.940554
5 18 0.998229
5 19 0.956747
5 20 0.975237
5 21 0.821808
5 22 0.972838
5 23 0.978704
5 24 0.622080
5 25 0.611052
5 26 0.714229
5 27 0.195910
5 28 0.426449
5 29 0.509930
5 30 0.632866
6 7 0.391926
6 8 0.518350
6 9 0.111231
6 10 0.763761
6 11 0.607483
6 12 0.898501
6 13 0.288246
6 14 0.481632
6 15 0.510151
6 16 0.537841
6 17 0.965819
6 18 0.538004
6 19 0.265844
6 20 0.611328
6 21 0.648335
6 22 0.190028
6 23 0.302701
6 24 0.605529
6 25 0.141984
6 26 0.281147
6 27 0.719515
6 28 0.619625
6 29 0.298344
6 30 0.841267
7 8 0.701239
7 9 0.562585
7 10 0.125581
7 11 0.455227
7 12 0.111434
7 13 0.789034
7 14 0.976403
7 15 0.418635
7 16 0.728945
7 17 0.276137
7 18 0.275814
7 19 0.265695
7 20 0.954712
7 21 0.369230
7 22 0.619877
7 23 0.989450
7 24 0.934260
7 25 0.212944
7 26 0.110281
7 27 0.746616
7 28 0.684295
7 29 0.750413
7 30 0.456474
8 9 0.565912
8 10 0.224203
8 11 0.259395
8 12 0.300314
8 13 0.680815
8 14 0.709555
8 15 0.254063
8 16 0.168416
8 17 0.281234
8 18 0.782784
8 19 0.440438
8 20 0.376365
8 21 0.137599
8 22 0.723643
8 23 0.592786
8 24 0.594512
8 25 0.577111
8 26 0.876278
8 27 0.781532
8 28 0.504034
8 29 0.203975
8 30 0.686189
9 10 0.653275
9 11 0.549890
9 12 0.891291
9 13 0.985726
9 14 0.992569
9 15 0.824566
9 16 0.213125
9 17 0.757221
9 18 0.486330
9 19 0.972724
9 20 0.899664
9 21 0.470898
9 22 0.655147
9 23 0.397098
9 24 0.133017
9 25 0.380366
9 26 0.537755
9 27 0.604454
9 28 0.406753
9 29 0.838222
9 30 0.978860
10 11 0.355337
10 12 0.329510
10 13 0.272428
10 14 0.354273
10 15 0.857502
10 16 0.316287
10 17 0.521101
10 18 0.450047
10 19 0.467152
10 20 0.684479
10 21 0.213550
10 22 0.940799
10 23 0.309646
10 24 0.400175
10 25 0.851941
10 26 0.574120
10 27 0.651397
10 28 0.765075
10 29 0.137995
10 30 0.711226
11 12 0.546166
11 13 0.534798
11 14 0.750849
11 15 0.285040
11 16 0.680757
11 17 0.607411
11 18 0.366119
11 19 0.652297
11 20 0.706079
11 21 0.343497
11 22 0.208266
11 23 0.373365
11 24 0.863370
11 25 0.754190
11 26 0.677289
11 27 0.875386
11 28 0.962926
11 29 0.299501
11 30 0.656737
12 13 0.661942
12 14 0.703437
12 15 0.317990
12 16 0.530281
12 17 0.220964
12 18 0.398300
12 19 0.847817
12 20 0.800314
12 21 0.625301
12 22 0.127619
12 23 0.395099
12 24 0.400081
12 25 0.442154
12 26 0.386082
12 27 0.400251
12 28 0.287397
12 29 0.731340
12 30 0.158635
13 14 0.995914
13 15 0.691448
13 16 0.789509
13 17 0.339521
13 18 0.416031
13 19 0.604313
13 20 0.681500
13 21 0.999797
13 22 0.183896
13 23 0.787415
13 24 0.717654
13 25 0.362142
13 26 0.608570
13 27 0.540969
13 28 0.552978
13 29 0.928236
13 30 0.334589
14 15 0.238166
14 16 0.704491
14 17 0.167454
14 18 0.267191
14 19 0.467792
14 20 0.760136
14 21 0.739713
14 22 0.549204
14 23 0.264736
14 24 0.750122
14 25 0.800459
14 26 0.713914
14 27 0.727427
14 28 0.997403
14 29 0.104395
14 30 0.528188
15 16 0.644487
15 17 0.526966
15 18 0.973056
15 19 0.825513
15 20 0.978041
15 21 0.111699
15 22 0.999607
15 23 0.570393
15 24 0.356748
15 25 0.682056
15 26 0.649113
15 27 0.577054
15 28 0.237811
15 29 0.430881
15 30 0.117547
16 17 0.973247
16 18 0.334186
16 19 0.231211
16 20 0.649417
16 21 0.389308
16 22 0.370254
16 23 0.512714
16 24 0.333384
16 25 0.823413
16 26 0.419774
16 27 0.945505
16 28 0.708047
16 29 0.193142
16 30 0.145649
17 18 0.805488
17 19 0.274511
17 20 0.398735
17 21 0.645835
17 22 0.284964
17 23 0.707787
17 24 0.959545
17 25 0.411565
17 26 0.955450
17 27 0.479013
17 28 0.450355
17 29 0.550454
17 30 0.278250
18 19 0.845520
18 20 0.513105
18 21 0.334018
18 22 0.733283
18 23 0.805605
18 24 0.895985
18 25 0.691739
18 26 0.946941
18 27 0.476961
18 28 0.843266
18 29 0.313358
18 30 0.311152
19 20 0.715978
19 21 0.193142
19 22 0.306876
19 23 0.542533
19 24 0.827939
19 25 0.788341
19 26 0.383174
19 27 0.860027
19 28 0.339597
19 29 0.815873
19 30 0.774381
20 21 0.202046
20 22 0.123951
20 23 0.328061
20 24 0.660291
20 25 0.265984
20 26 0.285689
20 27 0.279232
20 28 0.697248
20 29 0.527126
20 30 0.505950
21 22 0.302339
21 23 0.243694
21 24 0.769051
21 25 0.483686
21 26 0.782208
21 27 0.358037
21 28 0.772104
21 29 0.158396
21 30 0.210218
22 23 0.127919
22 24 0.710802
22 25 0.699143
22 26 0.281955
22 27 0.268952
22 28 0.316543
22 29 0.148405
22 30 0.582069
23 24 0.310659
23 25 0.787041
23 26 0.584860
23 27 0.518082
23 28 0.246869
23 29 0.815114
23 30 0.604011
24 25 0.906673
24 26 0.819701
24 27 0.152919
24 28 0.722288
24 29 0.995203
24 30 0.485879
25 26 0.314724
25 27 0.108734
25 28 0.736252
25 29 0.875000
25 30 0.858057
26 27 0.541043
26 28 0.632087
26 29 0.421482
26 30 0.170433
27 28 0.368920
27 29 0.421884
27 30 0.124894
28 29 0.502714
28 30 0.656109
29 30 0.250602
