# Synthetic Queen-like graph on 10x10 grid
# Format: source target weight
0 1 0.356651
0 2 0.874689
0 3 0.735058
0 4 0.560086
0 5 0.930462
0 6 0.139785
0 7 0.214461
0 8 0.869281
0 9 0.245074
0 10 0.605252
0 20 0.124238
0 30 0.685161
0 40 0.162209
0 50 0.465118
0 60 0.473805
0 70 0.932871
0 80 0.989223
0 90 0.796548
0 11 0.666386
0 22 0.121534
0 33 0.535169
0 44 0.747598
0 55 0.923561
0 66 0.526541
0 77 0.379411
0 88 0.185465
0 99 0.940277
1 2 0.297554
1 3 0.176408
1 4 0.791381
1 5 0.285984
1 6 0.297612
1 7 0.419215
1 8 0.887905
1 9 0.487513
1 11 0.361126
1 21 0.803837
1 31 0.460521
1 41 0.134812
1 51 0.342073
1 61 0.208047
1 71 0.528174
1 81 0.806244
1 91 0.437453
1 12 0.133740
1 23 0.319714
1 34 0.214728
1 45 0.895314
1 56 0.384163
1 67 0.983942
1 78 0.434649
1 89 0.422459
1 10 0.143150
2 3 0.712272
2 4 0.289095
2 5 0.101958
2 6 0.725911
2 7 0.867710
2 8 0.347246
2 9 0.204615
2 12 0.306517
2 22 0.535740
2 32 0.150073
2 42 0.474171
2 52 0.776874
2 62 0.947120
2 72 0.259372
2 82 0.408331
2 92 0.213728
2 13 0.474346
2 24 0.980263
2 35 0.468376
2 46 0.321515
2 57 0.555735
2 68 0.576722
2 79 0.679029
2 11 0.947624
2 20 0.870509
3 4 0.605013
3 5 0.426255
3 6 0.892322
3 7 0.332139
3 8 0.668568
3 9 0.668230
3 13 0.919421
3 23 0.724453
3 33 0.103111
3 43 0.558694
3 53 0.506582
3 63 0.120871
3 73 0.429590
3 83 0.813963
3 93 0.895343
3 14 0.874815
3 25 0.764496
3 36 0.735620
3 47 0.621030
3 58 0.100785
3 69 0.309971
3 12 0.959957
3 21 0.346979
3 30 0.267106
4 5 0.335317
4 6 0.604987
4 7 0.933122
4 8 0.713627
4 9 0.186236
4 14 0.536823
4 24 0.558997
4 34 0.335891
4 44 0.652683
4 54 0.408737
4 64 0.400443
4 74 0.995682
4 84 0.838338
4 94 0.806665
4 15 0.862094
4 26 0.956520
4 37 0.417664
4 48 0.369588
4 59 0.962915
4 13 0.541297
4 22 0.380955
4 31 0.709389
4 40 0.117414
5 6 0.688493
5 7 0.668779
5 8 0.193112
5 9 0.298288
5 15 0.596133
5 25 0.866396
5 35 0.288950
5 45 0.175729
5 55 0.871096
5 65 0.900357
5 75 0.827044
5 85 0.312358
5 95 0.682240
5 16 0.575893
5 27 0.444950
5 38 0.625434
5 49 0.335953
5 14 0.695246
5 23 0.133356
5 32 0.354118
5 41 0.775871
5 50 0.251664
6 7 0.255960
6 8 0.372249
6 9 0.734818
6 16 0.228654
6 26 0.902035
6 36 0.918342
6 46 0.376802
6 56 0.982470
6 66 0.345191
6 76 0.751950
6 86 0.957027
6 96 0.377920
6 17 0.845651
6 28 0.732616
6 39 0.690809
6 15 0.650497
6 24 0.951710
6 33 0.127207
6 42 0.169857
6 51 0.408113
6 60 0.827697
7 8 0.212908
7 9 0.362062
7 17 0.853462
7 27 0.424035
7 37 0.380354
7 47 0.156744
7 57 0.336826
7 67 0.615547
7 77 0.926726
7 87 0.478569
7 97 0.294027
7 18 0.458269
7 29 0.594856
7 16 0.843870
7 25 0.468653
7 34 0.538419
7 43 0.545520
7 52 0.329741
7 61 0.839301
7 70 0.905925
8 9 0.284315
8 18 0.750365
8 28 0.897691
8 38 0.258448
8 48 0.643882
8 58 0.983826
8 68 0.735117
8 78 0.694482
8 88 0.604016
8 98 0.935185
8 19 0.209455
8 17 0.937671
8 26 0.379458
8 35 0.718152
8 44 0.976319
8 53 0.975220
8 62 0.243275
8 71 0.225238
8 80 0.627213
9 19 0.585877
9 29 0.995126
9 39 0.845017
9 49 0.653659
9 59 0.331868
9 69 0.513232
9 79 0.559726
9 89 0.115408
9 99 0.570823
9 18 0.497311
9 27 0.133705
9 36 0.256859
9 45 0.192478
9 54 0.737781
9 63 0.461061
9 72 0.942365
9 81 0.137314
9 90 0.305989
10 11 0.218622
10 12 0.144651
10 13 0.751463
10 14 0.702856
10 15 0.477936
10 16 0.353928
10 17 0.885283
10 18 0.828887
10 19 0.759736
10 20 0.572865
10 30 0.683707
10 40 0.258656
10 50 0.536912
10 60 0.195079
10 70 0.839328
10 80 0.658887
10 90 0.408027
10 21 0.753286
10 32 0.374151
10 43 0.643474
10 54 0.241175
10 65 0.695958
10 76 0.514156
10 87 0.525674
10 98 0.524675
11 12 0.866397
11 13 0.414205
11 14 0.114502
11 15 0.551640
11 16 0.241090
11 17 0.915896
11 18 0.734674
11 19 0.829929
11 21 0.203904
11 31 0.291087
11 41 0.864192
11 51 0.751603
11 61 0.940818
11 71 0.315850
11 81 0.141360
11 91 0.381859
11 22 0.111539
11 33 0.261884
11 44 0.767650
11 55 0.511913
11 66 0.650958
11 77 0.725505
11 88 0.614824
11 99 0.456197
11 20 0.825783
12 13 0.204180
12 14 0.514403
12 15 0.207625
12 16 0.409018
12 17 0.308302
12 18 0.753319
12 19 0.606897
12 22 0.368816
12 32 0.150677
12 42 0.606361
12 52 0.355309
12 62 0.124452
12 72 0.701799
12 82 0.865150
12 92 0.587616
12 23 0.232020
12 34 0.127179
12 45 0.590129
12 56 0.927609
12 67 0.505290
12 78 0.771248
12 89 0.326198
12 21 0.161459
12 30 0.927180
13 14 0.653099
13 15 0.447156
13 16 0.371111
13 17 0.977611
13 18 0.737411
13 19 0.489439
13 23 0.846075
13 33 0.922249
13 43 0.166151
13 53 0.320972
13 63 0.676322
13 73 0.104169
13 83 0.812096
13 93 0.852971
13 24 0.129932
13 35 0.744301
13 46 0.901559
13 57 0.913523
13 68 0.930663
13 79 0.618713
13 22 0.164941
13 31 0.635101
13 40 0.881945
14 15 0.549520
14 16 0.604465
14 17 0.999765
14 18 0.395999
14 19 0.682557
14 24 0.844097
14 34 0.434575
14 44 0.631378
14 54 0.270580
14 64 0.808848
14 74 0.469146
14 84 0.425678
14 94 0.963356
14 25 0.931325
14 36 0.854373
14 47 0.581114
14 58 0.493516
14 69 0.491765
14 23 0.368609
14 32 0.713811
14 41 0.923483
14 50 0.873827
15 16 0.741549
15 17 0.490507
15 18 0.209265
15 19 0.227540
15 25 0.786586
15 35 0.152973
15 45 0.593047
15 55 0.337318
15 65 0.453722
15 75 0.997451
15 85 0.862199
15 95 0.916267
15 26 0.920370
15 37 0.257117
15 48 0.673870
15 59 0.522138
15 24 0.930941
15 33 0.369980
15 42 0.488310
15 51 0.316065
15 60 0.300048
16 17 0.397378
16 18 0.849667
16 19 0.833170
16 26 0.639924
16 36 0.687937
16 46 0.317720
16 56 0.255523
16 66 0.130989
16 76 0.820682
16 86 0.697610
16 96 0.943063
16 27 0.965606
16 38 0.613896
16 49 0.356158
16 25 0.706618
16 34 0.418086
16 43 0.574099
16 52 0.674873
16 61 0.810571
16 70 0.719011
17 18 0.570171
17 19 0.298019
17 27 0.141484
17 37 0.723127
17 47 0.119698
17 57 0.642016
17 67 0.589465
17 77 0.304052
17 87 0.836671
17 97 0.845723
17 28 0.786773
17 39 0.178015
17 26 0.395702
17 35 0.792542
17 44 0.565956
17 53 0.903819
17 62 0.168253
17 71 0.469521
17 80 0.483695
18 19 0.185481
18 28 0.366777
18 38 0.618330
18 48 0.368744
18 58 0.186906
18 68 0.457666
18 78 0.173448
18 88 0.726012
18 98 0.446828
18 29 0.866088
18 27 0.777881
18 36 0.440905
18 45 0.393414
18 54 0.715411
18 63 0.153006
18 72 0.150304
18 81 0.127499
18 90 0.752279
19 29 0.711469
19 39 0.202482
19 49 0.666077
19 59 0.882515
19 69 0.875552
19 79 0.953297
19 89 0.328069
19 99 0.712735
19 28 0.913413
19 37 0.578197
19 46 0.567234
19 55 0.454666
19 64 0.288026
19 73 0.417877
19 82 0.639884
19 91 0.843897
20 21 0.230032
20 22 0.210063
20 23 0.709035
20 24 0.288311
20 25 0.843266
20 26 0.546874
20 27 0.255557
20 28 0.298141
20 29 0.407965
20 30 0.323631
20 40 0.159262
20 50 0.697888
20 60 0.866297
20 70 0.470211
20 80 0.236914
20 90 0.599889
20 31 0.407357
20 42 0.359502
20 53 0.998652
20 64 0.862973
20 75 0.612537
20 86 0.789211
20 97 0.418770
21 22 0.493980
21 23 0.445816
21 24 0.773674
21 25 0.934775
21 26 0.572475
21 27 0.618325
21 28 0.251908
21 29 0.683940
21 31 0.672398
21 41 0.213166
21 51 0.665612
21 61 0.402242
21 71 0.685209
21 81 0.336119
21 91 0.348708
21 32 0.933127
21 43 0.182749
21 54 0.257239
21 65 0.853796
21 76 0.117769
21 87 0.569739
21 98 0.436659
21 30 0.705284
22 23 0.368955
22 24 0.991086
22 25 0.483340
22 26 0.345117
22 27 0.782521
22 28 0.935802
22 29 0.823235
22 32 0.541192
22 42 0.104572
22 52 0.252819
22 62 0.827494
22 72 0.783516
22 82 0.203797
22 92 0.493433
22 33 0.623430
22 44 0.705012
22 55 0.136775
22 66 0.126269
22 77 0.260399
22 88 0.475411
22 99 0.376168
22 31 0.178188
22 40 0.250344
23 24 0.826598
23 25 0.577892
23 26 0.954040
23 27 0.498291
23 28 0.255313
23 29 0.170187
23 33 0.139409
23 43 0.123065
23 53 0.725248
23 63 0.638663
23 73 0.412092
23 83 0.971800
23 93 0.729743
23 34 0.161596
23 45 0.616416
23 56 0.423697
23 67 0.253610
23 78 0.814771
23 89 0.705213
23 32 0.823030
23 41 0.512276
23 50 0.781560
24 25 0.665279
24 26 0.997937
24 27 0.444721
24 28 0.948470
24 29 0.289652
24 34 0.859790
24 44 0.609940
24 54 0.488711
24 64 0.254361
24 74 0.827754
24 84 0.285461
24 94 0.614768
24 35 0.166714
24 46 0.601382
24 57 0.363887
24 68 0.239874
24 79 0.920577
24 33 0.598303
24 42 0.893519
24 51 0.375781
24 60 0.727750
25 26 0.458521
25 27 0.107038
25 28 0.407910
25 29 0.780301
25 35 0.147498
25 45 0.825630
25 55 0.404433
25 65 0.509435
25 75 0.721118
25 85 0.857205
25 95 0.831086
25 36 0.878484
25 47 0.547750
25 58 0.177929
25 69 0.480597
25 34 0.847076
25 43 0.987872
25 52 0.829113
25 61 0.355513
25 70 0.571653
26 27 0.652818
26 28 0.356316
26 29 0.390128
26 36 0.778304
26 46 0.734492
26 56 0.804961
26 66 0.535337
26 76 0.480251
26 86 0.943126
26 96 0.563212
26 37 0.162021
26 48 0.615423
26 59 0.231072
26 35 0.223764
26 44 0.640944
26 53 0.559705
26 62 0.851395
26 71 0.828583
26 80 0.240894
27 28 0.997874
27 29 0.231590
27 37 0.797006
27 47 0.874398
27 57 0.956223
27 67 0.797090
27 77 0.307072
27 87 0.294513
27 97 0.603508
27 38 0.258207
27 49 0.942163
27 36 0.438615
27 45 0.352337
27 54 0.968976
27 63 0.322000
27 72 0.548034
27 81 0.305263
27 90 0.865816
28 29 0.663947
28 38 0.587421
28 48 0.676825
28 58 0.816482
28 68 0.659387
28 78 0.668039
28 88 0.595826
28 98 0.524649
28 39 0.622681
28 37 0.331711
28 46 0.392981
28 55 0.684453
28 64 0.760882
28 73 0.618422
28 82 0.218033
28 91 0.551535
29 39 0.535432
29 49 0.651333
29 59 0.844119
29 69 0.806482
29 79 0.959335
29 89 0.232256
29 99 0.898709
29 38 0.454010
29 47 0.414938
29 56 0.777572
29 65 0.124471
29 74 0.466943
29 83 0.112568
29 92 0.471607
30 31 0.273901
30 32 0.968166
30 33 0.172185
30 34 0.258099
30 35 0.807157
30 36 0.707179
30 37 0.950859
30 38 0.656372
30 39 0.591271
30 40 0.368299
30 50 0.722460
30 60 0.316337
30 70 0.898624
30 80 0.538619
30 90 0.325618
30 41 0.974406
30 52 0.171386
30 63 0.488222
30 74 0.545601
30 85 0.111216
30 96 0.265273
31 32 0.709845
31 33 0.968335
31 34 0.284037
31 35 0.327524
31 36 0.573058
31 37 0.736385
31 38 0.382084
31 39 0.285853
31 41 0.403998
31 51 0.311641
31 61 0.243072
31 71 0.386714
31 81 0.876002
31 91 0.358306
31 42 0.603643
31 53 0.201721
31 64 0.237713
31 75 0.783221
31 86 0.129601
31 97 0.397033
31 40 0.155228
32 33 0.985892
32 34 0.299067
32 35 0.957310
32 36 0.469379
32 37 0.802302
32 38 0.232574
32 39 0.422189
32 42 0.183320
32 52 0.838065
32 62 0.102373
32 72 0.574342
32 82 0.494506
32 92 0.979907
32 43 0.793697
32 54 0.194423
32 65 0.739234
32 76 0.482616
32 87 0.959608
32 98 0.650051
32 41 0.131002
32 50 0.287353
33 34 0.205710
33 35 0.274372
33 36 0.377253
33 37 0.593403
33 38 0.802401
33 39 0.477960
33 43 0.819484
33 53 0.927928
33 63 0.422397
33 73 0.307076
33 83 0.658254
33 93 0.397076
33 44 0.636298
33 55 0.226877
33 66 0.510922
33 77 0.332908
33 88 0.455244
33 99 0.908741
33 42 0.256259
33 51 0.329631
33 60 0.438507
34 35 0.315814
34 36 0.331338
34 37 0.306433
34 38 0.847517
34 39 0.502551
34 44 0.356499
34 54 0.403809
34 64 0.527493
34 74 0.335853
34 84 0.564274
34 94 0.238479
34 45 0.417352
34 56 0.171591
34 67 0.865230
34 78 0.333071
34 89 0.371353
34 43 0.904297
34 52 0.887504
34 61 0.161816
34 70 0.765531
35 36 0.305290
35 37 0.687057
35 38 0.806419
35 39 0.935836
35 45 0.797123
35 55 0.199342
35 65 0.253492
35 75 0.360720
35 85 0.429629
35 95 0.757630
35 46 0.235744
35 57 0.156914
35 68 0.509535
35 79 0.970165
35 44 0.822927
35 53 0.124971
35 62 0.999740
35 71 0.603354
35 80 0.483887
36 37 0.514051
36 38 0.730745
36 39 0.171031
36 46 0.993130
36 56 0.682604
36 66 0.769055
36 76 0.817633
36 86 0.488524
36 96 0.629559
36 47 0.673912
36 58 0.204252
36 69 0.950330
36 45 0.116211
36 54 0.568601
36 63 0.925705
36 72 0.541021
36 81 0.164944
36 90 0.731988
37 38 0.800635
37 39 0.459476
37 47 0.329699
37 57 0.672182
37 67 0.127613
37 77 0.646449
37 87 0.117767
37 97 0.962540
37 48 0.248104
37 59 0.191847
37 46 0.635525
37 55 0.368391
37 64 0.969348
37 73 0.149299
37 82 0.387268
37 91 0.433418
38 39 0.932454
38 48 0.562773
38 58 0.292340
38 68 0.123504
38 78 0.879853
38 88 0.359735
38 98 0.164570
38 49 0.436640
38 47 0.913130
38 56 0.666824
38 65 0.405329
38 74 0.668050
38 83 0.109603
38 92 0.446798
39 49 0.538031
39 59 0.427202
39 69 0.397638
39 79 0.177407
39 89 0.896571
39 99 0.214554
39 48 0.627848
39 57 0.539194
39 66 0.805978
39 75 0.854349
39 84 0.321058
39 93 0.156242
40 41 0.345726
40 42 0.798134
40 43 0.767281
40 44 0.337306
40 45 0.129253
40 46 0.292482
40 47 0.568435
40 48 0.842798
40 49 0.259861
40 50 0.656227
40 60 0.521903
40 70 0.328056
40 80 0.476185
40 90 0.556471
40 51 0.189351
40 62 0.235972
40 73 0.264980
40 84 0.341170
40 95 0.730444
41 42 0.806278
41 43 0.994345
41 44 0.134342
41 45 0.582699
41 46 0.155770
41 47 0.552794
41 48 0.939036
41 49 0.877481
41 51 0.177865
41 61 0.422755
41 71 0.566643
41 81 0.455287
41 91 0.521098
41 52 0.714590
41 63 0.951515
41 74 0.631978
41 85 0.637523
41 96 0.209739
41 50 0.769903
42 43 0.834133
42 44 0.736874
42 45 0.426412
42 46 0.170782
42 47 0.330329
42 48 0.349595
42 49 0.587325
42 52 0.189639
42 62 0.186665
42 72 0.468793
42 82 0.409577
42 92 0.294463
42 53 0.137870
42 64 0.483069
42 75 0.283370
42 86 0.278431
42 97 0.350837
42 51 0.189650
42 60 0.599948
43 44 0.489064
43 45 0.631995
43 46 0.999397
43 47 0.966884
43 48 0.856486
43 49 0.309845
43 53 0.836219
43 63 0.945052
43 73 0.580422
43 83 0.286605
43 93 0.999716
43 54 0.244628
43 65 0.342860
43 76 0.985468
43 87 0.276913
43 98 0.848942
43 52 0.340271
43 61 0.411280
43 70 0.127138
44 45 0.298602
44 46 0.560132
44 47 0.498474
44 48 0.992147
44 49 0.300191
44 54 0.815915
44 64 0.785902
44 74 0.721160
44 84 0.628702
44 94 0.414550
44 55 0.563807
44 66 0.114072
44 77 0.328803
44 88 0.874949
44 99 0.787140
44 53 0.961976
44 62 0.156090
44 71 0.455301
44 80 0.342981
45 46 0.994194
45 47 0.886950
45 48 0.854693
45 49 0.780199
45 55 0.132129
45 65 0.524030
45 75 0.446965
45 85 0.566275
45 95 0.725363
45 56 0.445211
45 67 0.892061
45 78 0.403628
45 89 0.102862
45 54 0.776477
45 63 0.265351
45 72 0.982702
45 81 0.856694
45 90 0.326699
46 47 0.106411
46 48 0.758767
46 49 0.387793
46 56 0.322826
46 66 0.480131
46 76 0.576732
46 86 0.267064
46 96 0.221689
46 57 0.694737
46 68 0.493739
46 79 0.882618
46 55 0.888376
46 64 0.757030
46 73 0.523900
46 82 0.297390
46 91 0.360912
47 48 0.172354
47 49 0.841341
47 57 0.637574
47 67 0.253372
47 77 0.719633
47 87 0.828156
47 97 0.567964
47 58 0.614565
47 69 0.621292
47 56 0.538212
47 65 0.155883
47 74 0.158111
47 83 0.265556
47 92 0.324292
48 49 0.266863
48 58 0.492485
48 68 0.671795
48 78 0.883445
48 88 0.907494
48 98 0.772966
48 59 0.115066
48 57 0.309888
48 66 0.823835
48 75 0.301852
48 84 0.753236
48 93 0.295066
49 59 0.155037
49 69 0.843069
49 79 0.533833
49 89 0.426651
49 99 0.394359
49 58 0.586070
49 67 0.274759
49 76 0.491067
49 85 0.908050
49 94 0.551465
50 51 0.165804
50 52 0.100881
50 53 0.259029
50 54 0.201680
50 55 0.813936
50 56 0.769547
50 57 0.238951
50 58 0.694460
50 59 0.831140
50 60 0.967803
50 70 0.192634
50 80 0.933467
50 90 0.609565
50 61 0.117079
50 72 0.305228
50 83 0.177883
50 94 0.158054
51 52 0.906533
51 53 0.801927
51 54 0.662382
51 55 0.396478
51 56 0.392701
51 57 0.798165
51 58 0.772950
51 59 0.199924
51 61 0.391801
51 71 0.905007
51 81 0.192746
51 91 0.238467
51 62 0.893793
51 73 0.955080
51 84 0.685753
51 95 0.489241
51 60 0.489123
52 53 0.273694
52 54 0.757503
52 55 0.880200
52 56 0.948287
52 57 0.731941
52 58 0.818376
52 59 0.579884
52 62 0.961855
52 72 0.892311
52 82 0.683861
52 92 0.607075
52 63 0.652581
52 74 0.227686
52 85 0.776336
52 96 0.667575
52 61 0.258431
52 70 0.807889
53 54 0.274103
53 55 0.342249
53 56 0.781728
53 57 0.578570
53 58 0.607945
53 59 0.163078
53 63 0.438666
53 73 0.911586
53 83 0.809748
53 93 0.851920
53 64 0.439026
53 75 0.412851
53 86 0.738678
53 97 0.685287
53 62 0.599532
53 71 0.617259
53 80 0.893016
54 55 0.677765
54 56 0.412789
54 57 0.112735
54 58 0.389381
54 59 0.617074
54 64 0.977191
54 74 0.106402
54 84 0.279002
54 94 0.723198
54 65 0.176576
54 76 0.619126
54 87 0.912346
54 98 0.243796
54 63 0.186001
54 72 0.465007
54 81 0.260173
54 90 0.196591
55 56 0.729643
55 57 0.903978
55 58 0.987182
55 59 0.192601
55 65 0.127566
55 75 0.626495
55 85 0.939773
55 95 0.573082
55 66 0.647499
55 77 0.891234
55 88 0.742882
55 99 0.974895
55 64 0.516350
55 73 0.819698
55 82 0.440885
55 91 0.703319
56 57 0.118053
56 58 0.925005
56 59 0.315057
56 66 0.992158
56 76 0.677965
56 86 0.825568
56 96 0.497434
56 67 0.184294
56 78 0.710037
56 89 0.479281
56 65 0.224708
56 74 0.636989
56 83 0.730697
56 92 0.786834
57 58 0.609958
57 59 0.140108
57 67 0.480278
57 77 0.974490
57 87 0.717350
57 97 0.929427
57 68 0.517893
57 79 0.705662
57 66 0.940945
57 75 0.475031
57 84 0.586021
57 93 0.379055
58 59 0.448199
58 68 0.172725
58 78 0.624621
58 88 0.352445
58 98 0.804832
58 69 0.675361
58 67 0.890773
58 76 0.849483
58 85 0.486295
58 94 0.348603
59 69 0.578848
59 79 0.811349
59 89 0.385095
59 99 0.341932
59 68 0.825280
59 77 0.442066
59 86 0.123035
59 95 0.320581
60 61 0.543560
60 62 0.364512
60 63 0.489774
60 64 0.574965
60 65 0.498717
60 66 0.717084
60 67 0.900314
60 68 0.663973
60 69 0.601006
60 70 0.182490
60 80 0.515311
60 90 0.753315
60 71 0.359845
60 82 0.780405
60 93 0.498140
61 62 0.728780
61 63 0.750190
61 64 0.172863
61 65 0.741676
61 66 0.175860
61 67 0.154508
61 68 0.758119
61 69 0.231335
61 71 0.720578
61 81 0.423505
61 91 0.878745
61 72 0.743281
61 83 0.836086
61 94 0.275566
61 70 0.762474
62 63 0.966967
62 64 0.801949
62 65 0.255996
62 66 0.846108
62 67 0.408222
62 68 0.524859
62 69 0.630202
62 72 0.396446
62 82 0.220286
62 92 0.736864
62 73 0.520749
62 84 0.932769
62 95 0.898285
62 71 0.897944
62 80 0.599632
63 64 0.125938
63 65 0.133921
63 66 0.953165
63 67 0.265907
63 68 0.208245
63 69 0.249842
63 73 0.714487
63 83 0.924451
63 93 0.773251
63 74 0.645794
63 85 0.530199
63 96 0.345374
63 72 0.396557
63 81 0.674935
63 90 0.654803
64 65 0.901325
64 66 0.392690
64 67 0.490966
64 68 0.407258
64 69 0.826941
64 74 0.375437
64 84 0.959661
64 94 0.591622
64 75 0.702824
64 86 0.833582
64 97 0.619490
64 73 0.133898
64 82 0.626556
64 91 0.880282
65 66 0.376862
65 67 0.550757
65 68 0.482247
65 69 0.446648
65 75 0.285505
65 85 0.556891
65 95 0.248456
65 76 0.455907
65 87 0.533327
65 98 0.461244
65 74 0.637171
65 83 0.776832
65 92 0.787948
66 67 0.516887
66 68 0.221889
66 69 0.115245
66 76 0.723735
66 86 0.165976
66 96 0.682295
66 77 0.309234
66 88 0.864046
66 99 0.875443
66 75 0.601143
66 84 0.228880
66 93 0.801187
67 68 0.290356
67 69 0.884103
67 77 0.306960
67 87 0.271243
67 97 0.528238
67 78 0.851657
67 89 0.856474
67 76 0.434081
67 85 0.373674
67 94 0.638936
68 69 0.233002
68 78 0.739655
68 88 0.102510
68 98 0.180114
68 79 0.660438
68 77 0.338105
68 86 0.940287
68 95 0.831511
69 79 0.130487
69 89 0.517534
69 99 0.931131
69 78 0.345985
69 87 0.614349
69 96 0.399373
70 71 0.305279
70 72 0.138506
70 73 0.475558
70 74 0.726443
70 75 0.856609
70 76 0.214503
70 77 0.874360
70 78 0.151464
70 79 0.533325
70 80 0.296747
70 90 0.320131
70 81 0.486869
70 92 0.257200
71 72 0.671506
71 73 0.942512
71 74 0.162634
71 75 0.260918
71 76 0.489735
71 77 0.785966
71 78 0.595488
71 79 0.380033
71 81 0.241724
71 91 0.392414
71 82 0.741421
71 93 0.774375
71 80 0.164217
72 73 0.132770
72 74 0.571975
72 75 0.863260
72 76 0.461198
72 77 0.756819
72 78 0.965738
72 79 0.334590
72 82 0.503916
72 92 0.276140
72 83 0.378355
72 94 0.402089
72 81 0.721288
72 90 0.284535
73 74 0.962770
73 75 0.419319
73 76 0.990575
73 77 0.727984
73 78 0.895405
73 79 0.525848
73 83 0.373065
73 93 0.535650
73 84 0.605724
73 95 0.512297
73 82 0.235152
73 91 0.402934
74 75 0.714149
74 76 0.748734
74 77 0.236577
74 78 0.541891
74 79 0.454176
74 84 0.769496
74 94 0.864541
74 85 0.563835
74 96 0.274204
74 83 0.379933
74 92 0.357344
75 76 0.796923
75 77 0.549620
75 78 0.420516
75 79 0.566743
75 85 0.303384
75 95 0.951662
75 86 0.270455
75 97 0.127392
75 84 0.112077
75 93 0.368051
76 77 0.213878
76 78 0.223926
76 79 0.607924
76 86 0.997916
76 96 0.588528
76 87 0.789538
76 98 0.645147
76 85 0.918956
76 94 0.223808
77 78 0.898850
77 79 0.974051
77 87 0.607728
77 97 0.861875
77 88 0.605172
77 99 0.437339
77 86 0.636881
77 95 0.737095
78 79 0.438208
78 88 0.705195
78 98 0.777235
78 89 0.865285
78 87 0.546710
78 96 0.152569
79 89 0.728514
79 99 0.832590
79 88 0.967642
79 97 0.166638
80 81 0.257188
80 82 0.299110
80 83 0.941901
80 84 0.142110
80 85 0.273052
80 86 0.752166
80 87 0.727075
80 88 0.377320
80 89 0.740054
80 90 0.528036
80 91 0.103305
81 82 0.993605
81 83 0.977309
81 84 0.759739
81 85 0.446084
81 86 0.785522
81 87 0.226457
81 88 0.121223
81 89 0.609499
81 91 0.423475
81 92 0.628047
81 90 0.468601
82 83 0.805869
82 84 0.825635
82 85 0.541123
82 86 0.320811
82 87 0.281962
82 88 0.978175
82 89 0.264483
82 92 0.147966
82 93 0.953231
82 91 0.368325
83 84 0.543608
83 85 0.711131
83 86 0.715534
83 87 0.532626
83 88 0.682154
83 89 0.262392
83 93 0.955196
83 94 0.468351
83 92 0.685768
84 85 0.609741
84 86 0.823645
84 87 0.815970
84 88 0.746613
84 89 0.858316
84 94 0.178165
84 95 0.376052
84 93 0.322201
85 86 0.127070
85 87 0.986369
85 88 0.459647
85 89 0.471182
85 95 0.104916
85 96 0.352612
85 94 0.741366
86 87 0.581244
86 88 0.861555
86 89 0.881763
86 96 0.615116
86 97 0.189411
86 95 0.702537
87 88 0.397394
87 89 0.615607
87 97 0.985390
87 98 0.331154
87 96 0.537555
88 89 0.888209
88 98 0.939638
88 99 0.997241
88 97 0.904096
89 99 0.449825
89 98 0.331459
90 91 0.780577
90 92 0.462214
90 93 0.195357
90 94 0.287649
90 95 0.642440
90 96 0.969725
90 97 0.601267
90 98 0.996764
90 99 0.311572
91 92 0.104119
91 93 0.631370
91 94 0.544869
91 95 0.471911
91 96 0.800543
91 97 0.679056
91 98 0.172901
91 99 0.171579
92 93 0.818211
92 94 0.608808
92 95 0.105540
92 96 0.235809
92 97 0.120250
92 98 0.847292
92 99 0.232732
93 94 0.923634
93 95 0.106604
93 96 0.813585
93 97 0.628873
93 98 0.455855
93 99 0.123173
94 95 0.785367
94 96 0.940857
94 97 0.823017
94 98 0.107527
94 99 0.819492
95 96 0.273294
95 97 0.765041
95 98 0.639837
95 99 0.886011
96 97 0.869929
96 98 0.655802
96 99 0.974269
97 98 0.279344
97 99 0.194007
98 99 0.821590
